Ki=0.01;
Kp=5;
Kd=0.4;